000000001000000000000000010000
000000001000000000000000010001
000000001000000000000000010010
000000001000000000000000010011
000000001000000000000000010100
000000001000000000000000010101
000000001000000000000000010110
000000001000000000000000010111
000000001000000000000101100000
000000001000000000000101000000
000000001000000000000101000001
000000001000000000000101000010
000000001000000000000101000011
000000001000000000000101000100
000000001000000000000101000101
000000001000000000000101000110
000000001000000000000101000111
000000001000000000000101001000
000000001000000000000101001001
000000001000000000000101001010
000000001000000000000101001011
000000001000000000000101001100
000000001000000000000101001101
000000001000000000000101001110
000000001000000000000100110000
000000001000000000000100110001
000000001000000000000100110010
000000001000000000000100110011
000000001000000000000100110100
000000001000000000000100110101
000000001000000000000100010000
000000001000000000000100010001
000000001000000000000100010010
000000001000000000000100010011
000000001000000000000100010100
000000001000000000000100010101
000000001000000000000100010110
000000001000000000000100010111
000000001000000000000100011000
000000001000000000000100011001
000000001000000000000100011010
000000001000000000000100011011
000000001000000000000011110000
000000001000000000000011110001
000000001000000000000011110010
000000001000000000000011110011
000000001000000000000011110100
000000001000000000000011110101
000000001000000000000011110110
000000001000000000000011110111
000000001000000000000011111000
000000001000000000000011111001
000000001000000000000011111010
000000001000000000000011111011
000000001000000000000011111100
000000001000000000000011010000
000000001000000000000011010001
000000001000000000000011010010
000000001000000000000011010011
000000001000000000000011010100
000000001000000000000011010101
000000001000000000000011010110
000000001000000000000011010111
000000001000000000000010100000
000000001000000000000010000000
000000001000000000000010000001
000000001000000000000010000010
000000001000000000000010000011
000000001000000000000010000100
000000001000000000000010000101
000000001000000000000010000110
000000001000000000000010000111
000000001000000000000010001000
000000001000000000000010001001
000000001000000000000010001010
000000001000000000000010001011
000000001000000000000010001100
000000001000000000000010001101
000000001000000000000010001110
000000001000000000000001110000
000000001000000000000001110001
000000001000000000000001110010
000000001000000000000001110011
000000001000000000000001110100
000000001000000000000001110101
000000001000000000000001010000
000000001000000000000001010001
000000001000000000000001010010
000000001000000000000001010011
000000001000000000000001010100
000000001000000000000001010101
000000001000000000000001010110
000000001000000000000001010111
000000001000000000000001011000
000000001000000000000001011001
000000001000000000000001011010
000000001000000000000001011011
000000001000000000000000110000
000000001000000000000000110001
000000001000000000000000110010
000000001000000000000000110011
000000001000000000000000110100
000000001000000000000000110101
000000001000000000000000110110
000000001000000000000000110111
000000001000000000000000111000
000000001000000000000000111001
000000001000000000000000111010
000000001000000000000000111011
000000001000000000000000111100
000000001000000000001001100000
000000001000000000001001000000
000000001000000000001001000001
000000001000000000001001000010
000000001000000000001001000011
000000001000000000001001000100
000000001000000000001001000101
000000001000000000001001000110
000000001000000000001001000111
000000001000000000001001001000
000000001000000000001001001001
000000001000000000001001001010
000000001000000000001001001011
000000001000000000001001001100
000000001000000000001001001101
000000001000000000001001001110
000000001000000000001000110000
000000001000000000001000110001
000000001000000000001000110010
000000001000000000001000110011
000000001000000000001000110100
000000001000000000001000110101
000000001000000000001000110110
000000001000000000001000110111
000000001000000000001000111000
000000001000000000001000111001
000000001000000000001000111010
000000001000000000001000111011
000000001000000000001000010000
000000001000000000001000010001
000000001000000000001000010010
000000001000000000001000010011
000000001000000000001000010100
000000001000000000001000010101
000000001000000000001000010110
000000001000000000001000010111
000000001000000000001000011000
000000001000000000001000011001
000000001000000000001000011010
000000001000000000001000011011
000000001000000000001000011100
000000001000000000000111110000
000000001000000000000111110001
000000001000000000000111110010
000000001000000000000111110011
000000001000000000000111110100
000000001000000000000111110101
000000001000000000000111110110
000000001000000000000111110111
000000001000000000000111000000
000000001000000000000111000001
000000001000000000000111000010
000000001000000000000111000011
000000001000000000000111000100
000000001000000000000111000101
000000001000000000000111000110
000000001000000000000111000111
000000001000000000000111001000
000000001000000000000111001001
000000001000000000000111001010
000000001000000000000111001011
000000001000000000000111001100
000000001000000000000111001101
000000001000000000000111001110
000000001000000000000110110000
000000001000000000000110110001
000000001000000000000110110010
000000001000000000000110110011
000000001000000000000110110100
000000001000000000000110110101
000000001000000000000110010000
000000001000000000000110010001
000000001000000000000110010010
000000001000000000000110010011
000000001000000000000110010100
000000001000000000000110010101
000000001000000000000110010110
000000001000000000000110010111
000000001000000000000110011000
000000001000000000000110011001
000000001000000000000110011010
000000001000000000000110011011