000000000000000001000000000
000000000000000001000000001
000000000000000001000000010
000000000000000001000000011
000000000000000001000000100
000000000000000001000000101
000000000000000001000000110
000000000000000001000000111
000000011000000000000010000
000000000000000010000110000
000000000000000010000110001
000000000000000010000110010
000000000000000010000110011
000000000000000010000110100
000000000000000010000110101
000000000000000010000110110
000000000000000010000110111
000000000000000010000111000
000000000000000010000111001
000000000000000010000111010
000000000000000010000111011
000000000000000010000111100
000000000000000010000111101
000000000000000010000111110
000000011000000001000100000
000000011000000001000100001
000000011000000001000100010
000000011000000001000100011
000000011000000001000100100
000000011000000001000100101
000000000000000001000100000
000000000000000001000100001
000000000000000001000100010
000000000000000001000100011
000000000000000001000100100
000000000000000001000100101
000000000000000001000100110
000000000000000001000100111
000000000000000001000101000
000000000000000001000101001
000000000000000001000101010
000000000000000001000101011
000000010000000010000010000
000000010000000010000010001
000000010000000010000010010
000000010000000010000010011
000000010000000010000010100
000000010000000010000010101
000000010000000010000010110
000000010000000010000010111
000000010000000010000011000
000000010000000010000011001
000000010000000010000011010
000000010000000010000011011
000000010000000010000011100
000000000000000001000010000
000000000000000001000010001
000000000000000001000010010
000000000000000001000010011
000000000000000001000010100
000000000000000001000010101
000000000000000001000010110
000000000000000001000010111
000000000000000010000010000
000000000000000010000000000
000000000000000010000000001
000000000000000010000000010
000000000000000010000000011
000000000000000010000000100
000000000000000010000000101
000000000000000010000000110
000000000000000010000000111
000000000000000010000001000
000000000000000010000001001
000000000000000010000001010
000000000000000010000001011
000000000000000010000001100
000000000000000010000001101
000000000000000010000001110
000000001000000000000010000
000000001000000000000010001
000000001000000000000010010
000000001000000000000010011
000000001000000000000010100
000000001000000000000010101
000000001000000010000000000
000000001000000010000000001
000000001000000010000000010
000000001000000010000000011
000000001000000010000000100
000000001000000010000000101
000000001000000010000000110
000000001000000010000000111
000000001000000010000001000
000000001000000010000001001
000000001000000010000001010
000000001000000010000001011
000000001000000000000000000
000000001000000000000000001
000000001000000000000000010
000000001000000000000000011
000000001000000000000000100
000000001000000000000000101
000000001000000000000000110
000000001000000000000000111
000000001000000000000001000
000000001000000000000001001
000000001000000000000001010
000000001000000000000001011
000000001000000000000001100
000000010000000000010100000
000000000000000011000010000
000000000000000011000010001
000000000000000011000010010
000000000000000011000010011
000000000000000011000010100
000000000000000011000010101
000000000000000011000010110
000000000000000011000010111
000000000000000011000011000
000000000000000011000011001
000000000000000011000011010
000000000000000011000011011
000000000000000011000011100
000000000000000011000011101
000000000000000011000011110
000000001000000000000110000
000000001000000000000110001
000000001000000000000110010
000000001000000000000110011
000000001000000000000110100
000000001000000000000110101
000000001000000000000110110
000000001000000000000110111
000000001000000000000111000
000000001000000000000111001
000000001000000000000111010
000000001000000000000111011
000000000000000010001000000
000000000000000010001000001
000000000000000010001000010
000000000000000010001000011
000000000000000010001000100
000000000000000010001000101
000000000000000010001000110
000000000000000010001000111
000000000000000010001001000
000000000000000010001001001
000000000000000010001001010
000000000000000010001001011
000000000000000010001001100
000000010000000000001110000
000000010000000000001110001
000000010000000000001110010
000000010000000000001110011
000000010000000000001110100
000000010000000000001110101
000000010000000000001110110
000000010000000000001110111
000000010000000000001010000
000000010000000000001010001
000000010000000000001010010
000000010000000000001010011
000000010000000000001010100
000000010000000000001010101
000000010000000000001010110
000000010000000000001010111
000000010000000000001011000
000000010000000000001011001
000000010000000000001011010
000000010000000000001011011
000000010000000000001011100
000000010000000000001011101
000000010000000000001011110
000000010000000000001000000
000000010000000000001000001
000000010000000000001000010
000000010000000000001000011
000000010000000000001000100
000000010000000000001000101
000000001000000000000100000
000000001000000000000100001
000000001000000000000100010
000000001000000000000100011
000000001000000000000100100
000000001000000000000100101
000000001000000000000100110
000000001000000000000100111
000000001000000000000101000
000000001000000000000101001
000000001000000000000101010
000000001000000000000101011