0000000000000000000000000000
0000000000000000000000000001
0000000000000000000000000010
0000000000000000000000000011
0000000000000000000000000100
0000000000000000000000000101
0000000000000000000000000110
0000000000000000000000000111
0000000000000000000000110000
0000000000000000000001010000
0000000000000000000001010001
0000000000000000000001010010
0000000000000000000001010011
0000000000000000000001010100
0000000000000000000001010101
0000000000000000000001010110
0000000000000000000001010111
0000000000000000000001011000
0000000000000000000001011001
0000000000000000000001011010
0000000000000000000001011011
0000000000000000000001011100
0000000000000000000001011101
0000000000000000000001011110
0000000000000000000001100000
0000000000000000000001100001
0000000000000000000001100010
0000000000000000000001100011
0000000000000000000001100100
0000000000000000000001100101
0000000000000000000010000000
0000000000000000000010000001
0000000000000000000010000010
0000000000000000000010000011
0000000000000000000010000100
0000000000000000000010000101
0000000000000000000010000110
0000000000000000000010000111
0000000000000000000010001000
0000000000000000000010001001
0000000000000000000010001010
0000000000000000000010001011
0000000000000000000010100000
0000000000000000000010100001
0000000000000000000010100010
0000000000000000000010100011
0000000000000000000010100100
0000000000000000000010100101
0000000000000000000010100110
0000000000000000000010100111
0000000000000000000010101000
0000000000000000000010101001
0000000000000000000010101010
0000000000000000000010101011
0000000000000000000010101100
0000000000000000000011000000
0000000000000000000011000001
0000000000000000000011000010
0000000000000000000011000011
0000000000000000000011000100
0000000000000000000011000101
0000000000000000000011000110
0000000000000000000011000111
0000000000000000000011110000
0000000000000000000100010000
0000000000000000000100010001
0000000000000000000100010010
0000000000000000000100010011
0000000000000000000100010100
0000000000000000000100010101
0000000000000000000100010110
0000000000000000000100010111
0000000000000000000100011000
0000000000000000000100011001
0000000000000000000100011010
0000000000000000000100011011
0000000000000000000100011100
0000000000000000000100011101
0000000000000000000100011110
0000000000000000000100100000
0000000000000000000100100001
0000000000000000000100100010
0000000000000000000100100011
0000000000000000000100100100
0000000000000000000100100101
0000000000000000000101000000
0000000000000000000101000001
0000000000000000000101000010
0000000000000000000101000011
0000000000000000000101000100
0000000000000000000101000101
0000000000000000000101000110
0000000000000000000101000111
0000000000000000000101001000
0000000000000000000101001001
0000000000000000000101001010
0000000000000000000101001011
0000000000000000000101100000
0000000000000000000101100001
0000000000000000000101100010
0000000000000000000101100011
0000000000000000000101100100
0000000000000000000101100101
0000000000000000000101100110
0000000000000000000101100111
0000000000000000000101101000
0000000000000000000101101001
0000000000000000000101101010
0000000000000000000101101011
0000000000000000000101101100
0000000010000000000000000000
0000000010000000000000000001
0000000010000000000000000010
0000000010000000000000000011
0000000010000000000000000100
0000000010000000000000000101
0000000010000000000000000110
0000000010000000000000000111
0000000010000000000000110000
0000000010000000000001010000
0000000010000000000001010001
0000000010000000000001010010
0000000010000000000001010011
0000000010000000000001010100
0000000010000000000001010101
0000000010000000000001010110
0000000010000000000001010111
0000000010000000000001011000
0000000010000000000001011001
0000000010000000000001011010
0000000010000000000001011011
0000000010000000000001011100
0000000010000000000001011101
0000000010000000000001011110
0000000010000000000001100000
0000000010000000000001100001
0000000010000000000001100010
0000000010000000000001100011
0000000010000000000001100100
0000000010000000000001100101
0000000010000000000010000000
0000000010000000000010000001
0000000010000000000010000010
0000000010000000000010000011
0000000010000000000010000100
0000000010000000000010000101
0000000010000000000010000110
0000000010000000000010000111
0000000010000000000010001000
0000000010000000000010001001
0000000010000000000010001010
0000000010000000000010001011
0000000010000000000010100000
0000000010000000000010100001
0000000010000000000010100010
0000000010000000000010100011
0000000010000000000010100100
0000000010000000000010100101
0000000010000000000010100110
0000000010000000000010100111
0000000010000000000010101000
0000000010000000000010101001
0000000010000000000010101010
0000000010000000000010101011
0000000010000000000010101100
0000000010000000000011000000
0000000010000000000011000001
0000000010000000000011000010
0000000010000000000011000011
0000000010000000000011000100
0000000010000000000011000101
0000000010000000000011000110
0000000010000000000011000111
0000000010000000000011110000
0000000010000000000100010000
0000000010000000000100010001
0000000010000000000100010010
0000000010000000000100010011
0000000010000000000100010100
0000000010000000000100010101
0000000010000000000100010110
0000000010000000000100010111
0000000010000000000100011000
0000000010000000000100011001
0000000010000000000100011010
0000000010000000000100011011
0000000010000000000100011100
0000000010000000000100011101
0000000010000000000100011110
0000000010000000000100100000
0000000010000000000100100001
0000000010000000000100100010
0000000010000000000100100011
0000000010000000000100100100
0000000010000000000100100101
0000000010000000000101000000
0000000010000000000101000001
0000000010000000000101000010
0000000010000000000101000011
0000000010000000000101000100
0000000010000000000101000101
0000000010000000000101000110
0000000010000000000101000111
0000000010000000000101001000
0000000010000000000101001001
0000000010000000000101001010
0000000010000000000101001011
0000000010000000000101100000
0000000010000000000101100001
0000000010000000000101100010
0000000010000000000101100011
0000000010000000000101100100
0000000010000000000101100101
0000000010000000000101100110
0000000010000000000101100111
0000000010000000000101101000
0000000010000000000101101001
0000000010000000000101101010
0000000010000000000101101011
0000000010000000000101101100